1425.0748  1067.11
1373.9196  1067.11
1338.3998  1064.5
1305.3626  1064.5
1285.3368  1064.5
1249.5322  870.63
1214.118  870.63
1188.3438  870.63
1163.1186  870.63
1132.5762  870.63
1105.2004  870.63
1095.1705882353  870.63
1077.4925  870.63
1053.5562264151  870.63
1047.1527777778  870.63
1039.3441818182  870.63
1022.12375  870.63
1005.6898245614  822
994.24  822
989.12084745763  822
975.4  822
969.80803278689  822
953.69274193548  822
951.04507936508  822
941.81515625  815
940.12476923077  815
933.65787878788  760.45
930.69820895522  760.45
923.39602941176  760.45
919.30927536232  760.45
918.07457142857  760.45
914.41042253521  760.45
907.97527777778  760.45
903.50452054794  760.45
900.85810810811  760.45
892.9688  758.94
886.52447368421  758.94
882.9012987013  758.94
876.26307692308  754.95
873.19784810127  754.95
869.46825  754.95
861.63962962963  754.95
856.67317073171  754.95
856.28192771084  754.95
849.82547619048  754.95
845.35011764706  754.95
829.61069767442  754.95
827.99954022988  754.95
823.39375  754.95
816.46112359551  754.09
813.86722222222  754.09
811.0467032967  754.09
805.84597826087  754.09
802.02204301075  754.09
795.59776595745  754.09
787.09442105263  753.44
782.76041666667  753.44
775.31288659794  753.44
772.38669811321  753.44
770.31252173913  753.44
769.43163793103  753.44
768.296875  753.44
767.55582733813  753.44
766.68587096774  753.44
766.08530120482  753.44
765.5274301676  753.44
765.00005128205  753.44
764.62480769231  753.44
764.2203125  753.44
763.90029535865  753.44
763.72275303644  753.44
763.50808429119  753.44
763.25862453532  753.44
763.07876760564  753.44
762.90983050848  753.44
762.68174757282  753.44
762.536  753.44
762.3484457478  753.44
762.21344537815  753.44
762.11994565218  753.44
761.99329815304  753.44
761.83426395939  753.44
761.72397560976  753.44
761.60837264151  753.44
761.5167881549  753.44
761.4675  753.44
761.37103004292  753.44
761.33155136269  753.44
761.26604887984  753.44
761.23290836654  753.44
761.19645224172  753.44
761.12299242424  753.44
761.05755064457  753.44
760.98605357143  753.44
760.93155594406  753.44
760.89919931857  753.44
760.84853741497  753.44
760.80730050934  753.44
760.75669491526  753.44
760.6879222973  753.44
760.63462932455  753.44
760.61113636364  753.44
760.57759873618  753.44
760.54032608696  753.44
760.47270106222  753.44
760.4334421365  753.44
760.37983703704  753.44
760.33023668639  753.44
760.28632200887  753.44
760.25109144543  753.44
760.20181148748  753.44
760.16997058824  753.44
760.09681350955  753.44
760.05920821115  753.44
759.97339677892  753.44
759.92046783626  753.44
759.84001459854  752.58
759.78725947522  752.58
759.74481804949  752.58
759.67828488372  752.58
759.61772133527  752.58
759.57898550725  752.58
759.55176555717  752.58
759.50130057804  752.58
759.45567099567  752.58
759.40476945245  752.58
759.34775539568  752.58
759.28494252874  752.58
759.2243615495  752.58
759.1802266289  752.58
759.15191666667  752.58
759.1191292517  752.58
759.0821143617  752.58
759.06135770235  752.58
759.0332948718  752.58
759.02279129322  752.58
758.99276214834  752.58
758.94928480204  752.58
758.90445153061  752.58
758.86412738853  752.58
758.80729007633  752.58
758.71688691232  752.58
758.63225888324  752.58
758.56174904942  752.58
758.47487341772  752.58
758.39532237673  752.58
758.31121212121  752.58
758.23970996216  752.58
758.17261964735  752.58
758.08879245283  752.58
758.00564070351  752.58
757.92415307402  752.58
757.86939849624  752.58
757.79520650813  752.58
757.74035  752.58
757.658639201  752.58
757.57647132169  752.58
757.50617683686  752.58
757.45991293532  752.58
