
2635   0.05
2658   0.05
2664   0.05
2686   0.05
2699   0.05
2708   0.05
2718   0.05
2720   0.05
2725   0.05
2753   0.05
2769   0.05
2896   0.06
3004   0.06
4423   0.22
4477   0.26
4483   0.23
4575   0.22
4575   0.25
4626   0.24
4679   0.23
4680   0.28
4693   0.26
4725   0.23
4744   0.24
4768   0.25
4853   0.25
7074   1.54
7081   1.56
7083   1.57
7089   1.62
7093   1.60
7126   1.55
7179   1.57
7209   1.61
7303   1.57
7472   1.70
7712   1.65
7741   1.64
8057   0.16
8090   1.74
8092   0.22
8102   0.18
8157   0.16
8215   0.19
8218   0.20
8219   0.19
8282   0.18
8305   0.20
8353   0.18
8527   0.19
8640   0.19
8856   0.23
11693   12.16
11752   12.15
11838   12.63
11859   12.32
11956   12.67
12053   12.45
12373   12.71
12597   12.87
12623   12.92
12650   12.67
12671   12.96
12822   13.04
12921   13.26
13790   1.45
13887   1.40
13887   1.48
13937   1.46
13959   1.53
13981   1.51
14036   1.44
14154   1.43
14187   1.51
14240   1.44
14276   1.47
14338   1.44
14581   1.67
22456   13.06
22498   12.89
22691   13.00
22756   13.16
22835   13.29
22889   13.06
22951   13.16
23086   13.16
23106   13.74
23308   13.25
23314   13.35
23370   13.45
23593   13.38
36122   96.07
36198   96.39
36332   97.53
36485   97.39
36540   97.34
36561   98.00
36636   98.65
36679   96.44
36716   97.61
36887   98.91
37034   97.69
37160   97.54
37249   97.49
