
736   0.08
783   0.08
822   0.08
842   0.09
882   0.09
900   0.09
902   0.09
912   0.09
967   0.09
968   0.09
968   0.09
978   0.09
1037   0.09
1278   0.28
1345   0.37
1353   0.33
1372   0.40
1393   0.37
1398   0.33
1400   0.38
1419   0.35
1421   0.36
1457   0.37
1462   0.36
1463   0.36
1494   0.36
2089   2.04
2092   2.03
2115   2.02
2157   2.41
2175   2.40
2175   2.41
2191   2.06
2194   2.42
2203   2.13
2278   2.23
2318   2.04
2503   0.24
2531   0.24
2542   0.25
2549   2.32
2554   0.25
2574   0.26
2578   0.25
2588   0.25
2601   0.26
2605   0.26
2608   0.26
2628   0.26
2628   0.26
2648   2.47
2671   0.26
3647   13.22
3750   13.52
3784   13.64
3788   12.99
3802   13.90
3808   13.58
3820   13.70
3826   13.58
3859   13.83
3882   13.74
3902   13.80
4009   16.51
4024   16.55
4043   1.69
4045   1.81
4047   1.61
4073   1.61
4117   1.62
4344   1.54
4346   1.97
4376   1.97
4401   1.57
4414   1.57
4445   1.56
4473   2.00
4919   1.97
6517   13.15
6652   12.05
6706   12.02
6715   12.04
6742   12.14
6850   12.07
6880   12.13
6984   12.80
6988   12.90
7124   12.97
7415   13.29
7835   16.08
8021   16.51
11390   96.08
11544   88.69
11571   88.05
11573   87.95
11658   88.94
11691   89.09
11704   88.86
11708   88.39
12332   93.72
12686   95.14
12723   94.76
12862   95.08
14390   121.10
