
156   0.11
165   0.12
172   0.15
176   0.15
178   0.15
180   0.15
196   0.16
198   0.15
203   0.15
205   0.15
212   0.15
218   0.16
223   0.16
428   0.65
435   0.64
436   0.66
443   0.64
444   0.64
444   0.65
446   0.65
455   0.65
462   0.65
463   0.65
466   3.92
467   3.92
469   3.95
471   3.94
488   0.65
489   3.92
492   3.91
492   3.92
497   3.94
497   3.96
499   3.94
552   4.10
553   0.64
557   4.18
562   4.17
572   0.66
583   0.40
590   0.42
593   0.43
599   0.43
600   0.43
616   0.44
616   0.44
617   0.44
618   0.44
622   0.44
624   0.44
625   0.44
630   0.44
960   23.02
961   3.53
982   2.65
986   22.86
997   2.66
1001   2.69
1004   2.66
1007   22.98
1007   23.14
1013   2.64
1013   2.70
1018   2.69
1025   23.10
1044   2.69
1082   2.75
1095   2.76
1102   2.77
1120   2.78
1144   24.05
1152   24.20
1163   24.05
1163   24.08
1168   24.09
1185   24.02
1192   24.14
1213   24.62
1649   18.32
1650   18.15
1655   18.26
1657   18.36
1661   18.39
1662   18.29
1669   18.27
1673   18.40
1675   18.39
1753   18.68
1772   18.69
1786   18.83
1789   18.79
3014   131.68
3054   132.00
3064   132.07
3072   132.03
3081   132.13
3313   133.82
3345   134.56
3367   135.33
3383   134.55
3386   134.90
3390   135.23
3401   135.07
3403   134.88
